Calibration : 
{
  Results : 
  {
    Intrinsics : 
    {
      fx = 399.1537;
      fy = 398.601418;
      cx = 305.508884;
      cy = 251.715078;
    };
    DistortionCoefficients : 
    {
      k1 = -0.703005;
      k2 = 1.633344;
      p1 = 0.0;
      p2 = 0.0;
      k3 = 0.0;
    };
    Validation : 
    {
      ReprojectionError = 1.24436;
      ErrorForTag0 = 1.735873;
      ErrorForTag1 = 2.528587;
      ErrorForTag2 = 3.105049;
      ErrorForTag3 = 1.417835;
      ErrorForTag4 = 2.598026;
      ErrorForTag5 = 0.852413;
      ErrorForTag6 = 2.155908;
      ErrorForTag7 = 2.190661;
      ErrorForTag8 = 2.42833;
      ErrorForTag9 = 1.215649;
      ErrorForTag10 = 1.618068;
      ErrorForTag11 = 1.921176;
      ErrorForTag12 = 1.8444;
      ErrorForTag13 = 1.776568;
      ErrorForTag14 = 1.681208;
      ErrorForTag15 = 1.787127;
      ErrorForTag16 = 1.838272;
      ErrorForTag17 = 1.559181;
      ErrorForTag18 = 2.016834;
      ErrorForTag19 = 1.855726;
      ErrorForTag20 = 1.799374;
      ErrorForTag21 = 1.799391;
      ErrorForTag22 = 1.800153;
      ErrorForTag23 = 2.965186;
      ErrorForTag24 = 3.171857;
      ErrorForTag25 = 3.878654;
      ErrorForTag26 = 1.8692;
      ErrorForTag27 = 1.964756;
    };
  };
};
