undistort = true;
device-0 = "/dev/video0";
device-1 = "/dev/video1";
device-2 = "/dev/video2";
device-3 = "/dev/video3";
device-4 = "/dev/video4";
device-5 = "/dev/video5";
intensity-shift = 6;
Header : 
{
  version = "1.0";
  ncameras = 3;
  Camera0 : 
  {
    nsensors = 2;
    color-type = 0;
    dim = [ 752, 480, 1, 1 ];
    Sensor0 : 
    {
      rotated = false;
      Intrinsics : 
      {
        fx = 907.885833017334;
        fy = 490.929807997143;
        cx = 4.54917011119635;
        cy = -16.6094258789008;
      };
      Dist : 
      {
        k1 = -0.0553000529087822;
        k2 = 0.00837380646555104;
        p1 = -0.000895207325682793;
        p2 = 0.0288003678464214;
        k3 = 2.77196150883688e-06;
        k4 = 0.0;
        k5 = 0.0;
        k6 = 0.0;
      };
      Extrinsics = [ 1.0, 0.0, 0.0, 0.0, 0.0, 1.0, 0.0, 0.0, 0.0, 0.0, 1.0, 0.0, 0.0, 0.0, 0.0, 1.0 ];
    };
    Sensor1 : 
    {
      rotated = false;
      Intrinsics : 
      {
        fx = 907.797350283317;
        fy = 493.443534851521;
        cx = 1.48589170149037;
        cy = -14.7463133782784;
      };
      Dist : 
      {
        k1 = -0.0552703016496253;
        k2 = 0.00835582083507812;
        p1 = -0.00160742372779909;
        p2 = 0.0287397399969083;
        k3 = -9.55473555601436e-06;
        k4 = 0.0;
        k5 = 0.0;
        k6 = 0.0;
      };
      Extrinsics = [ 0.999991551404998, 0.00401317056481263, 0.0008897081784276, -6.76408744766377e-05, -0.00401279289030922, 0.99999185802996, -0.000425872055634801, -1.56966161739547e-05, -0.000891410031648326, 0.000422298242961416, 0.999999513526056, -1.37198167067254e-05, 0.0, 0.0, 0.0, 1.0 ];
    };
  };
  Camera1 : 
  {
    nsensors = 2;
    color-type = 0;
    dim = [ 752, 480, 1, 1 ];
    Sensor0 : 
    {
      rotated = false;
      Intrinsics : 
      {
        fx = 907.885833017334;
        fy = 490.929807997143;
        cx = 4.54917011119635;
        cy = -16.6094258789008;
      };
      Dist : 
      {
        k1 = -0.0553000529087822;
        k2 = 0.00837380646555104;
        p1 = -0.000895207325682793;
        p2 = 0.0288003678464214;
        k3 = 2.77196150883688e-06;
        k4 = 0.0;
        k5 = 0.0;
        k6 = 0.0;
      };
      Extrinsics = [ 1.0, 0.0, 0.0, 0.0, 0.0, 1.0, 0.0, 0.0, 0.0, 0.0, 1.0, 0.0, 0.0, 0.0, 0.0, 1.0 ];
    };
    Sensor1 : 
    {
      rotated = false;
      Intrinsics : 
      {
        fx = 907.797350283317;
        fy = 493.443534851521;
        cx = 1.48589170149037;
        cy = -14.7463133782784;
      };
      Dist : 
      {
        k1 = -0.0552703016496253;
        k2 = 0.00835582083507812;
        p1 = -0.00160742372779909;
        p2 = 0.0287397399969083;
        k3 = -9.55473555601436e-06;
        k4 = 0.0;
        k5 = 0.0;
        k6 = 0.0;
      };
      Extrinsics = [ 0.999991551404998, 0.00401317056481263, 0.0008897081784276, -6.76408744766377e-05, -0.00401279289030922, 0.99999185802996, -0.000425872055634801, -1.56966161739547e-05, -0.000891410031648326, 0.000422298242961416, 0.999999513526056, -1.37198167067254e-05, 0.0, 0.0, 0.0, 1.0 ];
    };
  };
  Camera2 : 
  {
    nsensors = 2;
    color-type = 0;
    dim = [ 752, 480, 1, 1 ];
    Sensor0 : 
    {
      rotated = false;
      Intrinsics : 
      {
        fx = 907.885833017334;
        fy = 490.929807997143;
        cx = 4.54917011119635;
        cy = -16.6094258789008;
      };
      Dist : 
      {
        k1 = -0.0553000529087822;
        k2 = 0.00837380646555104;
        p1 = -0.000895207325682793;
        p2 = 0.0288003678464214;
        k3 = 2.77196150883688e-06;
        k4 = 0.0;
        k5 = 0.0;
        k6 = 0.0;
      };
      Extrinsics = [ 1.0, 0.0, 0.0, 0.0, 0.0, 1.0, 0.0, 0.0, 0.0, 0.0, 1.0, 0.0, 0.0, 0.0, 0.0, 1.0 ];
    };
    Sensor1 : 
    {
      rotated = false;
      Intrinsics : 
      {
        fx = 907.797350283317;
        fy = 493.443534851521;
        cx = 1.48589170149037;
        cy = -14.7463133782784;
      };
      Dist : 
      {
        k1 = -0.0552703016496253;
        k2 = 0.00835582083507812;
        p1 = -0.00160742372779909;
        p2 = 0.0287397399969083;
        k3 = -9.55473555601436e-06;
        k4 = 0.0;
        k5 = 0.0;
        k6 = 0.0;
      };
      Extrinsics = [ 0.999991551404998, 0.00401317056481263, 0.0008897081784276, -6.76408744766377e-05, -0.00401279289030922, 0.99999185802996, -0.000425872055634801, -1.56966161739547e-05, -0.000891410031648326, 0.000422298242961416, 0.999999513526056, -1.37198167067254e-05, 0.0, 0.0, 0.0, 1.0 ];
    };
  };
};
