Header : 
{
  version = "1.0";
  image-format = "png";
  ncameras = 3;
  nimages = 50;
  Camera0 : 
  {
    nsensors = 2;
    color-type = 0;
    dim = [ 752, 480, 1, 1 ];
    Sensor0 : 
    {
      Intrinsics : 
      {
        fx = 435.830932617188;
        fy = 435.334289550781;
        cx = 376.92041015625;
        cy = 246.715057373047;
      };
      Dist : 
      {
        k1 = -0.356864005327225;
        k2 = 0.0984894707798958;
        k3 = 0.0;
        k4 = 0.0;
        k5 = 0.0;
        k6 = 0.0;
        p1 = 0.000449195969849825;
        p2 = 0.00216957041993737;
      };
      Extrinsics = [ 1.0, -0.0, -0.0, 0.0, 0.0, 1.0, -0.0, 0.0, 0.0, 0.0, 1.0, -0.0, 0.0, 0.0, 0.0, 1.0 ];
    };
    Sensor1 : 
    {
      Intrinsics : 
      {
        fx = 440.273101806641;
        fy = 440.487640380859;
        cx = 368.670928955078;
        cy = 232.526702880859;
      };
      Dist : 
      {
        k1 = -0.349563807249069;
        k2 = 0.0921805649995804;
        k3 = 0.0;
        k4 = 0.0;
        k5 = 0.0;
        k6 = 0.0;
        p1 = 0.00012181286001578;
        p2 = 0.00280412449501455;
      };
      Extrinsics = [ 0.999965667724609, 0.00710123078897595, 0.00427398318424821, -0.149921044707298, -0.00709869526326656, 0.999974608421326, -0.000608053873293102, -0.000142663731821813, -0.00427819229662418, 0.000577693281229585, 0.999990701675415, 0.00213172729127109, 0.0, 0.0, 0.0, 1.0 ];
    };
  };
  Camera1 : 
  {
    nsensors = 2;
    color-type = 0;
    dim = [ 752, 480, 1, 1 ];
    Sensor0 : 
    {
      Intrinsics : 
      {
        fx = 436.728149414062;
        fy = 436.473358154297;
        cx = 376.667236328125;
        cy = 238.340408325195;
      };
      Dist : 
      {
        k1 = -0.353338032960892;
        k2 = 0.0958466231822968;
        k3 = 0.0;
        k4 = 0.0;
        k5 = 0.0;
        k6 = 0.0;
        p1 = -0.000124711790704168;
        p2 = 0.000888670096173882;
      };
      Extrinsics = [ -0.999816954135895, -0.0184607692062855, -0.00501991016790271, 0.0342987887561321, 0.00512936012819409, -0.00588581012561917, -0.99996954202652, -0.0120152896270156, 0.0184306595474482, -0.999812245368958, 0.00597942993044853, 0.00493268016725779, 0.0, 0.0, 0.0, 1.0 ];
    };
    Sensor1 : 
    {
      Intrinsics : 
      {
        fx = 435.6630859375;
        fy = 435.24853515625;
        cx = 365.63818359375;
        cy = 233.061279296875;
      };
      Dist : 
      {
        k1 = -0.345688968896866;
        k2 = 0.089204229414463;
        k3 = 0.0;
        k4 = 0.0;
        k5 = 0.0;
        k6 = 0.0;
        p1 = 0.000248874712269753;
        p2 = -0.000108067433757242;
      };
      Extrinsics = [ -0.999821424484253, -0.0157165378332138, -0.010490145534277, 0.1239328160882, 0.010496306233108, -0.000309081748127937, -0.999944865703583, -0.0126459486782551, 0.0157124269753695, -0.999876439571381, 0.000473997468361631, 0.00470480462536216, 0.0, 0.0, 0.0, 1.0 ];
    };
  };
  Camera2 : 
  {
    nsensors = 2;
    color-type = 0;
    dim = [ 752, 480, 1, 1 ];
    Sensor0 : 
    {
      Intrinsics : 
      {
        fx = 437.763488769531;
        fy = 437.769866943359;
        cx = 374.455108642578;
        cy = 243.609878540039;
      };
      Dist : 
      {
        k1 = -0.343805849552155;
        k2 = 0.0867928490042686;
        k3 = 0.0;
        k4 = 0.0;
        k5 = 0.0;
        k6 = 0.0;
        p1 = 0.00145933381281793;
        p2 = -0.000317542377160862;
      };
      Extrinsics = [ -0.999981641769409, 0.00603390019387007, -0.00051823997637257, 0.0316635183990002, -0.000542649999260902, -0.00404469994828105, 0.999991655349731, 0.00883136037737131, 0.00603174977004528, 0.999973595142365, 0.00404789997264743, -0.0288867894560099, 0.0, 0.0, 0.0, 1.0 ];
    };
    Sensor1 : 
    {
      Intrinsics : 
      {
        fx = 437.855346679688;
        fy = 437.805480957031;
        cx = 381.859222412109;
        cy = 239.393524169922;
      };
      Dist : 
      {
        k1 = -0.345253586769104;
        k2 = 0.0877582579851151;
        k3 = 0.0;
        k4 = 0.0;
        k5 = 0.0;
        k6 = 0.0;
        p1 = 0.000743369688279927;
        p2 = -0.00153072155080736;
      };
      Extrinsics = [ -0.99997740983963, -0.00395406782627106, 0.00543930940330029, 0.121893703937531, 0.00545279588550329, -0.00340772396884859, 0.999979317188263, 0.00835891347378492, -0.0039354539476335, 0.999986410140991, 0.00342920748516917, -0.0289376806467772, 0.0, 0.0, 0.0, 1.0 ];
    };
  };
};
Data : 
{
  timestamp = [ 1619611558.12554, 1619611558.159, 1619611558.19216, 1619611558.22552, 1619611558.25879, 1619611558.29212, 1619611558.32549, 1619611558.35879, 1619611558.39232, 1619611558.42553, 1619611558.45889, 1619611558.49213, 1619611558.52546, 1619611558.55878, 1619611558.59219, 1619611558.62546, 1619611558.65883, 1619611558.69217, 1619611558.72546, 1619611558.75879, 1619611558.79211, 1619611558.82563, 1619611558.85904, 1619611558.89218, 1619611558.92566, 1619611558.95882, 1619611558.99213, 1619611559.02545, 1619611559.05898, 1619611559.09228, 1619611559.12545, 1619611559.15894, 1619611559.19235, 1619611559.22579, 1619611559.2589, 1619611559.29211, 1619611559.32551, 1619611559.35878, 1619611559.39212, 1619611559.42545, 1619611559.49229, 1619611559.52544, 1619611559.55879, 1619611559.59241, 1619611559.62544, 1619611559.65886, 1619611559.69211, 1619611559.72562, 1619611559.75894, 1619611559.79221 ];
  exposure_0_0 = [ 16L, 16L, 16L, 16L, 16L, 16L, 16L, 16L, 16L, 16L, 16L, 16L, 16L, 16L, 16L, 16L, 16L, 16L, 16L, 16L, 16L, 16L, 16L, 16L, 16L, 16L, 16L, 16L, 16L, 16L, 16L, 16L, 16L, 16L, 16L, 16L, 16L, 16L, 16L, 16L, 16L, 16L, 16L, 16L, 16L, 16L, 16L, 16L, 16L, 16L ];
  exposure_0_1 = [ 16L, 16L, 16L, 16L, 16L, 16L, 16L, 16L, 16L, 16L, 16L, 16L, 16L, 16L, 16L, 16L, 16L, 16L, 16L, 16L, 16L, 16L, 16L, 16L, 16L, 16L, 16L, 16L, 16L, 16L, 16L, 16L, 16L, 16L, 16L, 16L, 16L, 16L, 16L, 16L, 16L, 16L, 16L, 16L, 16L, 16L, 16L, 16L, 16L, 16L ];
  exposure_1_0 = [ 16L, 16L, 16L, 16L, 16L, 16L, 16L, 16L, 16L, 16L, 16L, 16L, 16L, 16L, 16L, 16L, 16L, 16L, 16L, 16L, 16L, 16L, 16L, 16L, 16L, 16L, 16L, 16L, 16L, 16L, 16L, 16L, 16L, 16L, 16L, 16L, 16L, 16L, 16L, 16L, 16L, 16L, 16L, 16L, 16L, 16L, 16L, 16L, 16L, 16L ];
  exposure_1_1 = [ 16L, 16L, 16L, 16L, 16L, 16L, 16L, 16L, 16L, 16L, 16L, 16L, 16L, 16L, 16L, 16L, 16L, 16L, 16L, 16L, 16L, 16L, 16L, 16L, 16L, 16L, 16L, 16L, 16L, 16L, 16L, 16L, 16L, 16L, 16L, 16L, 16L, 16L, 16L, 16L, 16L, 16L, 16L, 16L, 16L, 16L, 16L, 16L, 16L, 16L ];
  exposure_2_0 = [ 16L, 16L, 16L, 16L, 16L, 16L, 16L, 16L, 16L, 16L, 16L, 16L, 16L, 16L, 16L, 16L, 16L, 16L, 16L, 16L, 16L, 16L, 16L, 16L, 16L, 16L, 16L, 16L, 16L, 16L, 16L, 16L, 16L, 16L, 16L, 16L, 16L, 16L, 16L, 16L, 16L, 16L, 16L, 16L, 16L, 16L, 16L, 16L, 16L, 16L ];
  exposure_2_1 = [ 16L, 16L, 16L, 16L, 16L, 16L, 16L, 16L, 16L, 16L, 16L, 16L, 16L, 16L, 16L, 16L, 16L, 16L, 16L, 16L, 16L, 16L, 16L, 16L, 16L, 16L, 16L, 16L, 16L, 16L, 16L, 16L, 16L, 16L, 16L, 16L, 16L, 16L, 16L, 16L, 16L, 16L, 16L, 16L, 16L, 16L, 16L, 16L, 16L, 16L ];
};
