Calibration : 
{
  Results : 
  {
    Intrinsics : 
    {
      fx = 1036.14910583405;
      fy = 1037.0586055587;
      cx = 333.203176727927;
      cy = 217.240849897106;
    };
    DistortionCoefficients : 
    {
      k1 = -0.419534171311863;
      k2 = 0.403072442648058;
      p1 = 0.0;
      p2 = 0.0;
      k3 = 0.0;
    };
    Validation : 
    {
      ReprojectionError = 1.09881591796875;
      ErrorForTag0 = 1.12036979198456;
      ErrorForTag1 = 2.75593304634094;
      ErrorForTag2 = 1.06073760986328;
      ErrorForTag3 = 0.703652262687683;
      ErrorForTag4 = 0.645097374916077;
      ErrorForTag5 = 1.2985280752182;
      ErrorForTag6 = 1.99052619934082;
      ErrorForTag7 = 1.15069222450256;
      ErrorForTag8 = 1.0151093006134;
      ErrorForTag9 = 0.749883055686951;
      ErrorForTag10 = 0.666214466094971;
      ErrorForTag11 = 0.463533341884613;
      ErrorForTag12 = 0.928083896636963;
      ErrorForTag13 = 0.819217681884766;
      ErrorForTag14 = 0.62218964099884;
      ErrorForTag15 = 0.817632079124451;
      ErrorForTag16 = 0.647940278053284;
      ErrorForTag17 = 0.825094819068909;
      ErrorForTag18 = 0.745664477348328;
      ErrorForTag19 = 0.545693397521973;
      ErrorForTag20 = 0.68688827753067;
      ErrorForTag21 = 0.59395831823349;
      ErrorForTag22 = 0.734349012374878;
      ErrorForTag23 = 0.948935747146606;
      ErrorForTag24 = 0.781870543956757;
      ErrorForTag25 = 0.620256423950195;
      ErrorForTag26 = 0.703782200813293;
      ErrorForTag27 = 0.703463673591614;
      ErrorForTag28 = 0.620697557926178;
      ErrorForTag29 = 1.14684963226318;
      ErrorForTag30 = 1.70159339904785;
      ErrorForTag31 = 0.714307904243469;
      ErrorForTag32 = 0.938658475875854;
      ErrorForTag33 = 0.50871354341507;
      ErrorForTag34 = 0.801110088825226;
      ErrorForTag35 = 0.701637208461761;
    };
  };
};
